390.0 -333.0 54.0
382.0 -321.0 50.0
371.0 -332.0 54.0
360.0 -330.0 54.0
259.0 -331.0 57.0
163.0 -295.0 68.0
117.0 -170.0 62.0
128.0 -62.0 62.0
162.0 -16.0 58.0
126.0 -36.0 65.0
87.0 -99.0 76.0
135.0 -174.0 58.0
242.0 -296.0 53.0
388.0 -293.0 46.0
488.0 -197.0 45.0
527.0 -87.0 47.0
534.0 -8.0 57.0
513.0 43.0 63.0
456.0 56.0 51.0
439.0 80.0 53.0
472.0 47.0 50.0
487.0 2.0 47.0
492.0 23.0 53.0
514.0 -65.0 47.0
488.0 -184.0 45.0
436.0 -280.0 56.0
317.0 -367.0 84.0
152.0 -269.0 77.0
79.0 -135.0 89.0
125.0 -65.0 78.0
94.0 -68.0 102.0
113.0 -49.0 90.0
148.0 -31.0 77.0
129.0 -63.0 82.0
161.0 11.0 86.0
157.0 73.0 99.0
191.0 110.0 101.0
279.0 88.0 64.0
378.0 50.0 46.0
435.0 55.0 53.0
452.0 40.0 52.0
470.0 -27.0 40.0
485.0 -78.0 39.0
490.0 -96.0 44.0
496.0 -45.0 49.0
446.0 0.0 44.0
408.0 59.0 55.0
351.0 115.0 74.0
205.0 57.0 75.0
124.0 -33.0 89.0
105.0 -77.0 94.0
80.0 -143.0 113.0
115.0 -164.0 107.0
128.0 -169.0 86.0
103.0 -259.0 99.0
159.0 -298.0 86.0
242.0 -314.0 66.0
294.0 -274.0 49.0
313.0 -289.0 55.0
368.0 -274.0 58.0
369.0 -263.0 68.0
352.0 -254.0 64.0
368.0 -311.0 72.0
497.0 -305.0 82.0
456.0 -298.0 56.0
385.0 -342.0 59.0
330.0 -352.0 63.0
362.0 -324.0 60.0
411.0 -267.0 64.0
424.0 -261.0 73.0
310.0 -316.0 79.0
310.0 -299.0 78.0
404.0 -246.0 76.0
397.0 -255.0 59.0
359.0 -359.0 71.0
317.0 -362.0 61.0
418.0 -286.0 41.0
430.0 -316.0 59.0
330.0 -395.0 91.0
340.0 -341.0 70.0
410.0 -286.0 73.0
460.0 -257.0 84.0
444.0 -318.0 85.0
426.0 -345.0 80.0
456.0 -300.0 61.0
433.0 -309.0 54.0
352.0 -370.0 67.0
361.0 -327.0 51.0
401.0 -313.0 65.0
410.0 -301.0 71.0
362.0 -373.0 94.0
239.0 -352.0 92.0
141.0 -193.0 69.0
181.0 -102.0 53.0
176.0 -252.0 68.0
304.0 -386.0 97.0
438.0 -315.0 70.0
265.0 -569.0 283.0
148.0 -588.0 520.0
116.0 -547.0 620.0
24.0 -435.0 701.0
-81.0 -303.0 695.0
-182.0 -134.0 474.0
-98.0 -91.0 228.0
104.0 -91.0 66.0
310.0 -60.0 22.0
458.0 -237.0 50.0
395.0 -494.0 184.0
328.0 -614.0 430.0
301.0 -597.0 609.0
288.0 -534.0 731.0
302.0 -492.0 784.0
400.0 -512.0 754.0
388.0 -582.0 642.0
358.0 -618.0 485.0
393.0 -603.0 379.0
477.0 -593.0 463.0
494.0 -589.0 503.0
441.0 -583.0 578.0
364.0 -603.0 571.0
305.0 -592.0 608.0
292.0 -587.0 621.0
283.0 -594.0 613.0
282.0 -589.0 620.0
276.0 -586.0 613.0
243.0 -588.0 611.0
189.0 -581.0 599.0
136.0 -563.0 595.0
110.0 -553.0 593.0
121.0 -568.0 548.0
131.0 -586.0 474.0
226.0 -609.0 422.0
266.0 -601.0 368.0
187.0 -586.0 355.0
131.0 -582.0 419.0
135.0 -585.0 491.0
198.0 -599.0 526.0
305.0 -617.0 483.0
342.0 -615.0 463.0
365.0 -608.0 536.0
418.0 -598.0 564.0
408.0 -616.0 548.0
348.0 -623.0 543.0
380.0 -615.0 543.0
431.0 -591.0 534.0
406.0 -595.0 493.0
292.0 -601.0 500.0
301.0 -596.0 498.0
329.0 -599.0 485.0
306.0 -613.0 568.0
350.0 -597.0 635.0
343.0 -606.0 606.0
221.0 -612.0 543.0
105.0 -578.0 453.0
157.0 -582.0 381.0
224.0 -576.0 326.0
122.0 -539.0 314.0
60.0 -543.0 451.0
290.0 -616.0 490.0
505.0 -586.0 476.0
403.0 -587.0 331.0
203.0 -577.0 323.0
318.0 -619.0 392.0
456.0 -604.0 433.0
471.0 -573.0 357.0
500.0 -592.0 438.0
507.0 -588.0 506.0
478.0 -589.0 511.0
495.0 -563.0 441.0
492.0 -566.0 432.0
508.0 -574.0 486.0
508.0 -581.0 388.0
319.0 -601.0 308.0
137.0 -470.0 180.0
-80.0 -407.0 373.0
11.0 -350.0 770.0
36.0 -338.0 804.0
-49.0 -373.0 687.0
38.0 -515.0 564.0
249.0 -595.0 422.0
273.0 -595.0 451.0
276.0 -601.0 535.0
307.0 -594.0 589.0
303.0 -584.0 615.0
224.0 -567.0 638.0
215.0 -508.0 744.0
277.0 -402.0 856.0
345.0 -339.0 896.0
387.0 -283.0 917.0
382.0 -194.0 950.0
455.0 -131.0 947.0
476.0 -32.0 941.0
495.0 -32.0 937.0
488.0 -147.0 935.0
400.0 -298.0 910.0
242.0 -289.0 909.0
178.0 -343.0 873.0
190.0 -346.0 875.0
326.0 -343.0 893.0
387.0 -309.0 909.0
522.0 -189.0 913.0
545.0 13.0 914.0
414.0 227.0 877.0
402.0 401.0 695.0
458.0 401.0 678.0
400.0 102.0 933.0
381.0 -336.0 889.0
194.0 -485.0 759.0
95.0 -566.0 521.0
-4.0 -487.0 581.0
31.0 -398.0 754.0
123.0 -296.0 871.0
124.0 -242.0 890.0
34.0 -380.0 775.0
39.0 -504.0 622.0
176.0 -576.0 605.0
324.0 -440.0 823.0
275.0 -161.0 940.0
247.0 87.0 918.0
295.0 230.0 866.0
380.0 284.0 835.0
495.0 332.0 763.0
597.0 319.0 709.0
664.0 290.0 663.0
763.0 184.0 634.0
811.0 12.0 669.0
812.0 -111.0 677.0
792.0 -268.0 626.0
750.0 -384.0 526.0
656.0 -492.0 489.0
602.0 -530.0 485.0
459.0 -587.0 539.0
343.0 -609.0 514.0
212.0 -589.0 544.0
149.0 -531.0 649.0
89.0 -424.0 743.0
87.0 -285.0 837.0
163.0 -148.0 908.0
259.0 21.0 934.0
351.0 67.0 936.0
526.0 59.0 908.0
625.0 -120.0 875.0
533.0 -376.0 821.0
487.0 -574.0 578.0
506.0 -568.0 371.0
488.0 -539.0 280.0
418.0 -508.0 203.0
339.0 -453.0 137.0
375.0 -362.0 78.0
384.0 -262.0 40.0
391.0 -294.0 53.0
346.0 -305.0 56.0
267.0 -297.0 56.0
136.0 -208.0 66.0
119.0 -104.0 67.0
118.0 -26.0 87.0
111.0 2.0 101.0
149.0 21.0 87.0
148.0 17.0 87.0
150.0 9.0 84.0
178.0 45.0 86.0
197.0 78.0 91.0
192.0 143.0 121.0
210.0 252.0 180.0
279.0 332.0 232.0
371.0 302.0 191.0
488.0 223.0 146.0
543.0 147.0 125.0
580.0 51.0 103.0
602.0 -27.0 96.0
630.0 -103.0 107.0
601.0 -192.0 99.0
564.0 -245.0 88.0
528.0 -292.0 91.0
457.0 -352.0 92.0
358.0 -373.0 84.0
296.0 -380.0 85.0
235.0 -372.0 87.0
176.0 -341.0 91.0
122.0 -326.0 103.0
56.0 -274.0 113.0
-14.0 -185.0 142.0
-46.0 -125.0 166.0
-97.0 -31.0 232.0
-113.0 35.0 287.0
-108.0 123.0 351.0
-91.0 181.0 411.0
-63.0 230.0 451.0
-23.0 277.0 495.0
23.0 315.0 533.0
65.0 345.0 555.0
123.0 382.0 521.0
205.0 411.0 434.0
291.0 411.0 369.0
394.0 358.0 260.0
502.0 243.0 166.0
584.0 125.0 131.0
589.0 -31.0 92.0
546.0 -231.0 78.0
456.0 -385.0 113.0
375.0 -484.0 166.0
291.0 -526.0 206.0
280.0 -570.0 272.0
280.0 -569.0 265.0
349.0 -556.0 244.0
417.0 -557.0 267.0
472.0 -550.0 283.0
551.0 -528.0 308.0
635.0 -488.0 339.0
708.0 -442.0 400.0
657.0 -467.0 330.0
471.0 -406.0 120.0
265.0 -277.0 42.0
120.0 -25.0 63.0
68.0 235.0 221.0
9.0 302.0 418.0
-9.0 278.0 602.0
-3.0 215.0 720.0
25.0 199.0 762.0
41.0 230.0 753.0
-62.0 209.0 617.0
-118.0 153.0 438.0
-82.0 -30.0 206.0
50.0 -269.0 113.0
234.0 -420.0 119.0
440.0 -509.0 204.0
623.0 -458.0 276.0
745.0 -383.0 394.0
832.0 -218.0 452.0
851.0 -79.0 502.0
843.0 25.0 537.0
791.0 -174.0 296.0
510.0 -358.0 119.0
376.0 -351.0 87.0
311.0 -382.0 103.0
287.0 -492.0 203.0
249.0 -506.0 217.0
172.0 -500.0 232.0
47.0 -453.0 255.0
-37.0 -398.0 283.0
-104.0 -347.0 347.0
-125.0 -350.0 465.0
-117.0 -291.0 640.0
-64.0 -239.0 756.0
27.0 -172.0 862.0
78.0 -70.0 896.0
23.0 -46.0 861.0
-32.0 23.0 808.0
-7.0 201.0 736.0
156.0 239.0 832.0
231.0 202.0 876.0
145.0 271.0 791.0
-89.0 157.0 642.0
-179.0 -224.0 501.0
66.0 -497.0 676.0
311.0 -351.0 894.0
180.0 -60.0 940.0
99.0 259.0 783.0
300.0 380.0 724.0
411.0 358.0 752.0
343.0 352.0 763.0
215.0 403.0 625.0
192.0 406.0 588.0
157.0 347.0 703.0
128.0 41.0 912.0
203.0 -196.0 936.0
336.0 -353.0 892.0
486.0 -362.0 860.0
624.0 -308.0 826.0
756.0 -157.0 757.0
792.0 -82.0 713.0
797.0 50.0 681.0
765.0 156.0 654.0
736.0 229.0 595.0
770.0 191.0 535.0
770.0 191.0 475.0
743.0 206.0 399.0
728.0 206.0 344.0
717.0 147.0 270.0
788.0 91.0 363.0
782.0 117.0 390.0
789.0 94.0 392.0
791.0 96.0 400.0
803.0 76.0 414.0
796.0 84.0 434.0
787.0 105.0 408.0
782.0 110.0 394.0
775.0 124.0 389.0
748.0 135.0 349.0
739.0 46.0 279.0
740.0 -6.0 250.0
807.0 88.0 363.0
818.0 149.0 484.0
856.0 40.0 481.0
851.0 13.0 449.0
813.0 61.0 397.0
794.0 144.0 417.0
786.0 164.0 448.0
784.0 115.0 417.0
808.0 45.0 422.0
834.0 69.0 512.0
821.0 135.0 543.0
833.0 127.0 542.0
841.0 66.0 415.0
641.0 -101.0 105.0
377.0 -405.0 103.0
229.0 -459.0 154.0
129.0 -274.0 84.0
95.0 60.0 108.0
49.0 281.0 319.0
46.0 334.0 523.0
159.0 314.0 256.0
383.0 -7.0 32.0
403.0 -330.0 69.0
441.0 -473.0 171.0
527.0 -503.0 252.0
559.0 -513.0 282.0
552.0 -540.0 335.0
562.0 -497.0 269.0
459.0 -365.0 98.0
390.0 -155.0 32.0
291.0 -233.0 47.0
241.0 -402.0 124.0
154.0 -520.0 276.0
145.0 -576.0 448.0
101.0 -559.0 461.0
72.0 -492.0 284.0
269.0 -285.0 60.0
597.0 -174.0 108.0
770.0 -212.0 279.0
762.0 -313.0 344.0
578.0 -272.0 122.0
364.0 -103.0 46.0
371.0 10.0 59.0
334.0 72.0 76.0
333.0 82.0 84.0
345.0 94.0 90.0
352.0 107.0 93.0
311.0 72.0 78.0
348.0 93.0 89.0
367.0 92.0 86.0
374.0 42.0 62.0
412.0 -53.0 42.0
370.0 -217.0 38.0
291.0 -279.0 49.0
176.0 -333.0 89.0
128.0 -261.0 85.0
98.0 -249.0 97.0
85.0 -285.0 110.0
138.0 -371.0 125.0
143.0 -474.0 203.0
75.0 -540.0 395.0
166.0 -569.0 614.0
300.0 -518.0 752.0
319.0 -540.0 724.0
212.0 -608.0 436.0
280.0 -411.0 105.0
345.0 -256.0 39.0
285.0 -157.0 27.0
236.0 -77.0 36.0
221.0 -119.0 40.0
185.0 -101.0 50.0
199.0 -102.0 47.0
75.0 -146.0 98.0
-82.0 -141.0 231.0
-137.0 -280.0 569.0
62.0 -428.0 740.0
216.0 -443.0 811.0
379.0 -424.0 847.0
423.0 -433.0 836.0
60.0 -392.0 773.0
-121.0 -272.0 635.0