328.0 -339.0 51.0
330.0 -339.0 49.0
328.0 -340.0 51.0
329.0 -342.0 49.0
329.0 -342.0 49.0
313.0 -353.0 56.0
259.0 -334.0 56.0
194.0 -295.0 52.0
165.0 -260.0 52.0
146.0 -250.0 57.0
122.0 -158.0 49.0
129.0 -87.0 53.0
142.0 -22.0 56.0
154.0 -5.0 54.0
182.0 -12.0 45.0
183.0 -2.0 46.0
146.0 -52.0 49.0
157.0 -118.0 40.0
187.0 -209.0 44.0
230.0 -250.0 39.0
291.0 -283.0 42.0
330.0 -299.0 45.0
420.0 -301.0 52.0
460.0 -274.0 55.0
499.0 -241.0 57.0
541.0 -211.0 62.0
530.0 -158.0 51.0
526.0 -89.0 45.0
498.0 -45.0 42.0
481.0 -33.0 35.0
495.0 -46.0 39.0
465.0 22.0 43.0
456.0 -24.0 32.0
436.0 70.0 51.0
412.0 56.0 40.0
411.0 56.0 41.0
432.0 61.0 47.0
428.0 65.0 49.0
466.0 106.0 67.0
458.0 91.0 60.0
419.0 131.0 68.0
390.0 140.0 69.0
337.0 140.0 69.0
291.0 145.0 73.0
212.0 146.0 95.0
142.0 98.0 100.0
108.0 40.0 99.0
112.0 11.0 88.0
203.0 84.0 68.0
281.0 108.0 60.0
384.0 77.0 53.0
446.0 206.0 130.0
404.0 215.0 125.0
378.0 208.0 117.0
386.0 178.0 98.0
480.0 119.0 80.0
446.0 -32.0 28.0
420.0 -233.0 33.0
334.0 -445.0 123.0
288.0 -580.0 284.0
114.0 -578.0 432.0
-58.0 -450.0 542.0
-156.0 -272.0 566.0
-192.0 -57.0 492.0
-129.0 138.0 416.0
-71.0 204.0 351.0
50.0 143.0 153.0
300.0 58.0 34.0
484.0 -117.0 33.0
609.0 -198.0 99.0
676.0 -259.0 163.0
711.0 -309.0 231.0
719.0 -382.0 313.0
675.0 -468.0 384.0
613.0 -528.0 450.0
515.0 -576.0 512.0
356.0 -614.0 537.0
216.0 -607.0 540.0
122.0 -575.0 552.0
44.0 -537.0 543.0
-38.0 -477.0 524.0
-104.0 -396.0 516.0
-126.0 -353.0 562.0
-160.0 -287.0 524.0
-189.0 -195.0 483.0
-188.0 -85.0 402.0
-95.0 43.0 240.0
104.0 -1.0 65.0
347.0 -78.0 10.0
529.0 -224.0 60.0
641.0 -362.0 189.0
660.0 -465.0 334.0
646.0 -502.0 436.0
594.0 -533.0 543.0
411.0 -611.0 493.0
213.0 -612.0 445.0
63.0 -526.0 320.0
-12.0 -350.0 185.0
53.0 -122.0 77.0
296.0 -97.0 12.0
537.0 -248.0 73.0
633.0 -316.0 152.0
543.0 -426.0 169.0
342.0 -344.0 61.0
395.0 -49.0 21.0
365.0 134.0 64.0
251.0 341.0 239.0
155.0 358.0 312.0
26.0 327.0 524.0
138.0 246.0 798.0
306.0 136.0 910.0
404.0 107.0 920.0
523.0 90.0 899.0
521.0 110.0 892.0
503.0 86.0 907.0
532.0 83.0 898.0
529.0 86.0 900.0
446.0 308.0 802.0
335.0 436.0 588.0
172.0 409.0 561.0
22.0 322.0 561.0
-59.0 189.0 664.0
-74.0 104.0 717.0
-57.0 -73.0 795.0
-43.0 -230.0 780.0
-42.0 -321.0 731.0
-34.0 -391.0 681.0
-42.0 -362.0 701.0
-69.0 -251.0 742.0
-100.0 -239.0 711.0
-96.0 -309.0 677.0
-90.0 -379.0 612.0
-29.0 -463.0 608.0
95.0 -532.0 654.0
255.0 -550.0 709.0
442.0 -524.0 735.0
605.0 -391.0 777.0
725.0 -170.0 793.0
707.0 81.0 796.0
515.0 318.0 774.0
223.0 345.0 752.0
-1.0 59.0 816.0
41.0 -288.0 826.0
246.0 -472.0 794.0
463.0 -476.0 768.0
641.0 -408.0 723.0
718.0 -260.0 756.0
729.0 -57.0 796.0
638.0 200.0 790.0
399.0 373.0 729.0
188.0 333.0 742.0
109.0 161.0 844.0
225.0 39.0 930.0
297.0 -116.0 946.0
423.0 -143.0 942.0
488.0 -144.0 926.0
573.0 -82.0 898.0
694.0 7.0 821.0
741.0 195.0 663.0
673.0 323.0 481.0
616.0 335.0 347.0
487.0 280.0 178.0
446.0 202.0 109.0
437.0 181.0 92.0
522.0 -39.0 44.0
556.0 -80.0 61.0
580.0 -44.0 71.0
555.0 -48.0 57.0
530.0 -104.0 45.0
479.0 -136.0 33.0
440.0 -268.0 47.0
396.0 -426.0 113.0
223.0 -422.0 108.0
199.0 -228.0 35.0
361.0 -17.0 20.0
401.0 23.0 37.0
363.0 19.0 34.0
428.0 59.0 48.0
509.0 -80.0 42.0
463.0 -232.0 43.0
429.0 -524.0 219.0
460.0 -600.0 521.0
420.0 -526.0 726.0
311.0 -447.0 820.0
145.0 -425.0 801.0
-35.0 -320.0 749.0
-115.0 -287.0 665.0
-178.0 -238.0 485.0
-180.0 -116.0 363.0
-140.0 87.0 355.0
-62.0 222.0 360.0
83.0 345.0 353.0
208.0 324.0 223.0
460.0 212.0 123.0
599.0 -11.0 89.0
771.0 -142.0 237.0
833.0 -198.0 404.0
828.0 -149.0 623.0
774.0 -79.0 740.0
694.0 -208.0 811.0
497.0 -266.0 901.0
271.0 -408.0 853.0
114.0 -491.0 720.0
51.0 -498.0 274.0
73.0 -310.0 107.0
87.0 158.0 141.0
193.0 318.0 226.0
369.0 199.0 93.0
499.0 119.0 80.0
708.0 -103.0 158.0
777.0 -260.0 297.0
817.0 -270.0 469.0
788.0 -301.0 586.0
606.0 -473.0 678.0
341.0 -574.0 659.0
197.0 -596.0 368.0
190.0 -451.0 151.0
283.0 -257.0 33.0
441.0 -229.0 37.0
379.0 -250.0 34.0
274.0 -278.0 42.0
189.0 -289.0 62.0
235.0 -341.0 71.0
408.0 -294.0 53.0
499.0 -211.0 47.0
496.0 -112.0 35.0
458.0 -15.0 33.0
424.0 53.0 45.0
390.0 95.0 52.0
437.0 105.0 61.0
525.0 -30.0 54.0
487.0 -187.0 41.0
421.0 -293.0 55.0
312.0 -326.0 61.0
224.0 -321.0 64.0
172.0 -279.0 62.0