124.0 -198.0 70.0
125.0 -205.0 68.0
123.0 -208.0 73.0
122.0 -208.0 70.0
118.0 -205.0 70.0
119.0 -207.0 71.0
121.0 -201.0 73.0
122.0 -208.0 72.0
148.0 -249.0 70.0
176.0 -284.0 67.0
214.0 -319.0 67.0
256.0 -339.0 68.0
300.0 -352.0 66.0
354.0 -359.0 68.0
389.0 -352.0 70.0
414.0 -348.0 71.0
411.0 -349.0 71.0
390.0 -351.0 73.0
333.0 -354.0 69.0
272.0 -341.0 67.0
229.0 -329.0 67.0
191.0 -301.0 65.0
165.0 -273.0 68.0
142.0 -241.0 66.0
119.0 -198.0 70.0
108.0 -153.0 69.0
106.0 -121.0 69.0
106.0 -84.0 70.0
105.0 -77.0 73.0
109.0 -78.0 73.0
107.0 -80.0 73.0
110.0 -50.0 75.0
124.0 -10.0 72.0
141.0 22.0 71.0
155.0 46.0 72.0
177.0 70.0 77.0
199.0 91.0 77.0
227.0 117.0 77.0
263.0 132.0 78.0
292.0 143.0 78.0
324.0 150.0 79.0
352.0 152.0 81.0
380.0 154.0 80.0
402.0 149.0 81.0
418.0 147.0 81.0
442.0 137.0 77.0
468.0 131.0 80.0
465.0 132.0 81.0
460.0 137.0 81.0
458.0 135.0 84.0
473.0 131.0 84.0
499.0 120.0 84.0
522.0 107.0 87.0
543.0 89.0 86.0
566.0 61.0 88.0
587.0 30.0 86.0
605.0 -3.0 85.0
617.0 -38.0 86.0
622.0 -69.0 85.0
621.0 -62.0 87.0
615.0 -42.0 86.0
595.0 4.0 85.0
568.0 55.0 87.0
523.0 100.0 86.0
491.0 121.0 84.0
479.0 126.0 85.0
416.0 152.0 83.0
332.0 156.0 86.0
247.0 133.0 84.0
165.0 62.0 78.0
122.0 -18.0 75.0
103.0 -94.0 74.0
106.0 -171.0 70.0
142.0 -242.0 68.0
175.0 -286.0 70.0
216.0 -323.0 66.0
264.0 -350.0 69.0
330.0 -362.0 71.0
358.0 -363.0 71.0
357.0 -363.0 70.0
358.0 -363.0 70.0
358.0 -361.0 70.0
375.0 -360.0 72.0
413.0 -350.0 75.0
465.0 -332.0 73.0
516.0 -297.0 77.0
552.0 -253.0 74.0
575.0 -216.0 77.0
586.0 -172.0 79.0
595.0 -132.0 78.0
597.0 -104.0 78.0
596.0 -76.0 80.0
588.0 -42.0 75.0
581.0 -8.0 77.0
566.0 15.0 80.0
545.0 48.0 83.0
522.0 71.0 78.0
500.0 93.0 81.0
490.0 97.0 81.0
491.0 104.0 81.0
477.0 111.0 81.0
479.0 109.0 83.0
486.0 104.0 83.0
498.0 96.0 80.0
510.0 86.0 83.0
529.0 73.0 83.0
544.0 56.0 82.0
556.0 39.0 79.0
570.0 10.0 82.0
585.0 -18.0 79.0
596.0 -51.0 80.0
597.0 -79.0 82.0
597.0 -94.0 78.0
598.0 -111.0 79.0
595.0 -130.0 78.0
594.0 -160.0 80.0
586.0 -189.0 76.0
569.0 -222.0 75.0
547.0 -257.0 74.0
517.0 -287.0 75.0
493.0 -306.0 72.0
466.0 -324.0 69.0
443.0 -336.0 70.0
417.0 -346.0 68.0
387.0 -351.0 68.0
360.0 -354.0 66.0
332.0 -354.0 64.0
314.0 -351.0 64.0
301.0 -344.0 65.0
277.0 -340.0 63.0
255.0 -334.0 66.0
238.0 -327.0 65.0
220.0 -315.0 63.0
206.0 -308.0 64.0
209.0 -307.0 64.0
209.0 -304.0 66.0
208.0 -308.0 64.0
205.0 -304.0 67.0
183.0 -280.0 66.0
163.0 -260.0 63.0
148.0 -241.0 66.0
135.0 -215.0 68.0
125.0 -190.0 66.0
116.0 -165.0 68.0
108.0 -133.0 65.0
107.0 -115.0 70.0
108.0 -89.0 69.0
112.0 -62.0 74.0
116.0 -36.0 75.0
125.0 -23.0 74.0
133.0 0.0 76.0
139.0 16.0 77.0
136.0 10.0 77.0
135.0 9.0 76.0
136.0 8.0 78.0
139.0 12.0 75.0
152.0 40.0 80.0
180.0 74.0 79.0
206.0 98.0 81.0
232.0 112.0 81.0
248.0 124.0 81.0
267.0 136.0 84.0
290.0 144.0 82.0
315.0 148.0 81.0
342.0 154.0 86.0
364.0 156.0 80.0
384.0 151.0 84.0
408.0 153.0 85.0
431.0 146.0 84.0
453.0 140.0 82.0
476.0 131.0 86.0
487.0 121.0 84.0
504.0 114.0 85.0
510.0 108.0 87.0
504.0 113.0 83.0
500.0 116.0 86.0
497.0 118.0 84.0
501.0 115.0 84.0
528.0 99.0 86.0
557.0 69.0 85.0
573.0 54.0 86.0
583.0 38.0 85.0
601.0 17.0 88.0
610.0 -6.0 89.0
620.0 -43.0 90.0
625.0 -69.0 88.0
630.0 -87.0 89.0
627.0 -83.0 89.0
622.0 -42.0 88.0
601.0 3.0 86.0
574.0 47.0 86.0
530.0 93.0 86.0
491.0 117.0 84.0
453.0 136.0 86.0
412.0 146.0 88.0
388.0 151.0 80.0
376.0 151.0 86.0
376.0 150.0 82.0
376.0 153.0 83.0
376.0 151.0 83.0
375.0 155.0 82.0
352.0 154.0 81.0
294.0 144.0 84.0
239.0 123.0 80.0
199.0 92.0 81.0
159.0 53.0 83.0
130.0 6.0 79.0
116.0 -41.0 78.0
109.0 -92.0 75.0
106.0 -133.0 71.0
114.0 -178.0 72.0
137.0 -219.0 68.0
152.0 -248.0 67.0
152.0 -252.0 68.0
153.0 -253.0 67.0
152.0 -252.0 69.0
152.0 -251.0 68.0
155.0 -250.0 67.0
170.0 -269.0 68.0
197.0 -294.0 68.0
228.0 -320.0 67.0
261.0 -338.0 67.0
299.0 -346.0 67.0
333.0 -348.0 68.0
362.0 -350.0 70.0
392.0 -346.0 72.0
419.0 -339.0 70.0
446.0 -326.0 71.0
468.0 -316.0 70.0
491.0 -298.0 70.0
514.0 -278.0 74.0
536.0 -256.0 73.0
556.0 -233.0 74.0
570.0 -200.0 74.0
583.0 -167.0 78.0
588.0 -129.0 79.0