254.0 126.0 57.0
252.0 124.0 59.0
256.0 125.0 56.0
253.0 122.0 57.0
254.0 124.0 60.0
255.0 125.0 60.0
254.0 122.0 57.0
254.0 121.0 55.0
255.0 122.0 57.0
255.0 123.0 58.0
261.0 126.0 59.0
276.0 132.0 57.0
283.0 131.0 59.0
289.0 135.0 60.0
296.0 139.0 59.0
306.0 135.0 60.0
313.0 140.0 60.0
319.0 145.0 59.0
320.0 144.0 58.0
320.0 143.0 60.0
320.0 145.0 56.0
332.0 142.0 61.0
342.0 147.0 59.0
354.0 146.0 58.0
357.0 142.0 59.0
361.0 144.0 62.0
368.0 142.0 61.0
371.0 145.0 61.0
383.0 141.0 62.0
388.0 140.0 63.0
397.0 143.0 59.0
405.0 138.0 62.0
415.0 136.0 63.0
428.0 133.0 62.0
435.0 133.0 64.0
447.0 128.0 65.0
453.0 123.0 63.0
464.0 121.0 63.0
474.0 115.0 63.0
481.0 111.0 63.0
487.0 105.0 64.0
498.0 98.0 67.0
505.0 95.0 61.0
512.0 86.0 64.0
516.0 81.0 63.0
524.0 71.0 62.0
531.0 64.0 64.0
536.0 59.0 62.0
540.0 50.0 64.0
543.0 48.0 63.0
545.0 44.0 62.0
551.0 37.0 61.0
555.0 28.0 62.0
562.0 23.0 59.0
561.0 17.0 59.0
562.0 10.0 62.0
569.0 3.0 62.0
571.0 -3.0 60.0
571.0 -11.0 62.0
572.0 -19.0 60.0
576.0 -23.0 62.0
574.0 -30.0 63.0
577.0 -30.0 61.0
579.0 -35.0 58.0
579.0 -41.0 60.0
577.0 -40.0 57.0
579.0 -40.0 59.0
579.0 -48.0 59.0
578.0 -55.0 60.0
583.0 -60.0 60.0
584.0 -70.0 59.0
581.0 -71.0 59.0
583.0 -83.0 60.0
584.0 -91.0 58.0
582.0 -97.0 55.0
583.0 -100.0 53.0
582.0 -103.0 56.0
582.0 -109.0 58.0
580.0 -120.0 57.0
580.0 -130.0 55.0
579.0 -137.0 56.0
575.0 -141.0 55.0
574.0 -146.0 57.0
572.0 -151.0 57.0
570.0 -163.0 51.0
569.0 -172.0 54.0
567.0 -175.0 54.0
566.0 -183.0 52.0
564.0 -189.0 53.0
558.0 -194.0 54.0
556.0 -200.0 55.0
552.0 -208.0 51.0
546.0 -213.0 50.0
541.0 -224.0 51.0
536.0 -233.0 53.0
528.0 -240.0 50.0
518.0 -250.0 50.0
510.0 -264.0 50.0
493.0 -276.0 46.0
485.0 -284.0 48.0
471.0 -294.0 46.0
451.0 -304.0 45.0
431.0 -314.0 46.0
427.0 -315.0 44.0
428.0 -317.0 43.0
428.0 -313.0 43.0
419.0 -318.0 45.0
398.0 -324.0 45.0
383.0 -323.0 45.0
371.0 -331.0 43.0
356.0 -331.0 42.0
342.0 -333.0 44.0
330.0 -331.0 43.0
317.0 -332.0 42.0
299.0 -330.0 40.0
285.0 -327.0 42.0
272.0 -322.0 41.0
248.0 -314.0 42.0
235.0 -309.0 41.0
228.0 -301.0 42.0
215.0 -297.0 42.0
212.0 -293.0 40.0
201.0 -288.0 44.0
191.0 -281.0 43.0
181.0 -271.0 43.0
176.0 -268.0 40.0
172.0 -263.0 41.0
170.0 -261.0 43.0
165.0 -255.0 44.0
160.0 -247.0 42.0
155.0 -243.0 44.0
148.0 -235.0 43.0
141.0 -224.0 41.0
136.0 -216.0 43.0
132.0 -210.0 46.0
126.0 -201.0 43.0
122.0 -194.0 49.0
122.0 -185.0 45.0
121.0 -178.0 44.0
119.0 -170.0 45.0
115.0 -161.0 44.0
115.0 -153.0 46.0
111.0 -137.0 46.0
108.0 -131.0 47.0
110.0 -131.0 49.0
110.0 -132.0 48.0
110.0 -124.0 49.0
108.0 -108.0 46.0
107.0 -93.0 50.0
111.0 -72.0 48.0
113.0 -61.0 49.0
114.0 -54.0 50.0
119.0 -42.0 51.0
118.0 -32.0 52.0
124.0 -16.0 50.0
131.0 -1.0 53.0
133.0 3.0 53.0
138.0 10.0 53.0
141.0 17.0 53.0
147.0 29.0 51.0
154.0 39.0 51.0
162.0 47.0 54.0
171.0 58.0 55.0
183.0 73.0 53.0
192.0 78.0 54.0
200.0 90.0 53.0
209.0 93.0 55.0
218.0 97.0 54.0
223.0 105.0 53.0
234.0 111.0 57.0
242.0 114.0 56.0
249.0 118.0 54.0
268.0 123.0 56.0
280.0 129.0 57.0
292.0 136.0 55.0
305.0 139.0 58.0
313.0 139.0 60.0
326.0 139.0 56.0
336.0 140.0 58.0
348.0 143.0 60.0
359.0 140.0 58.0
369.0 141.0 58.0
377.0 138.0 59.0
385.0 139.0 58.0
401.0 136.0 57.0
405.0 135.0 60.0
420.0 130.0 59.0
422.0 129.0 59.0
430.0 127.0 60.0
442.0 120.0 59.0
443.0 125.0 57.0
436.0 127.0 59.0
413.0 133.0 62.0
387.0 139.0 59.0
368.0 144.0 60.0
345.0 142.0 57.0
319.0 139.0 58.0
288.0 133.0 60.0
245.0 119.0 57.0
204.0 90.0 56.0
161.0 49.0 52.0
124.0 -17.0 51.0
113.0 -112.0 49.0
124.0 -185.0 46.0
145.0 -224.0 43.0
166.0 -250.0 43.0
167.0 -252.0 37.0
166.0 -255.0 39.0
215.0 -296.0 38.0
289.0 -326.0 42.0
367.0 -331.0 42.0
443.0 -309.0 46.0
491.0 -274.0 46.0
544.0 -218.0 50.0
574.0 -127.0 51.0
578.0 -60.0 58.0
576.0 -78.0 56.0
619.0 -177.0 86.0
611.0 -500.0 300.0
538.0 -519.0 702.0
424.0 -349.0 892.0
187.0 -356.0 871.0
-91.0 -406.0 549.0
-26.0 -221.0 151.0
301.0 -69.0 16.0
694.0 -161.0 151.0
812.0 -280.0 441.0
798.0 -125.0 699.0
713.0 -83.0 815.0
485.0 -40.0 934.0
290.0 43.0 940.0
209.0 193.0 874.0
246.0 251.0 845.0
400.0 306.0 803.0
492.0 340.0 745.0
650.0 200.0 785.0